63.4303428, 10.3992759
63.4303151, 10.400056
63.4302655, 10.401478
63.4297497, 10.4011034
63.4297174, 10.3989158
63.4297682, 10.3980343
63.4298056, 10.3973788
63.4294146, 10.3973045
63.4288918, 10.3972142
63.4289367, 10.3958999
63.4290064, 10.3940956
63.4290235, 10.3934541
63.4290494, 10.3926155
63.4286514, 10.3927135
63.428128, 10.3928424
63.4275091, 10.3930141
63.4264933, 10.3932014
63.4257535, 10.3935348
63.4249145, 10.3937931
63.4229378, 10.3943594
63.4228522, 10.3943768
63.422667, 10.3943113
63.4221371, 10.3945523
63.4216652, 10.3948822
63.4212888, 10.395071
63.4211299, 10.3951413
63.4207483, 10.395298
63.4205111, 10.3954117
63.4201198, 10.3956057
63.4198415, 10.3957735
63.4192272, 10.3960998
63.4190831, 10.3961764
63.4180857, 10.3967045
63.4167396, 10.3973606
63.4149067, 10.3980849
63.4125143, 10.3990551
63.4121113, 10.3991014
63.4086696, 10.3985581
63.4079332, 10.3982365
63.4045148, 10.3966895
63.4033674, 10.3961692
63.401601, 10.3953945
63.3967531, 10.3919265
63.3960088, 10.3909977
63.3950327, 10.3895807
63.3947767, 10.3891797
63.391971, 10.3846242
63.3846757, 10.3765574
63.3844077, 10.3763697
63.3807882, 10.3745913
63.3745538, 10.3775203
63.3739033, 10.3780487
63.3736439, 10.3783156
63.370637, 10.3795764
63.3700961, 10.3795625
63.3700138, 10.3795502
63.367191, 10.378294
63.3664815, 10.3776908
63.3649519, 10.3762875
63.363303, 10.374792
63.3626448, 10.3741836
63.3622686, 10.3738626
63.3615918, 10.3730949
63.3605738, 10.3718953
63.3604763, 10.3716555
63.360339, 10.3717604
63.3569938, 10.3710562
63.3484672, 10.3700453
63.3467446, 10.3687723
63.3465264, 10.3687178
63.3448005, 10.3687292
63.3363383, 10.3591502
63.3347581, 10.3561813
63.3348107, 10.3560712
63.3347779, 10.3556787
63.3347456, 10.3556375
63.334607, 10.3556903
63.3345743, 10.3557865
63.3337926, 10.3548827
63.33357, 10.3547154
63.3313354, 10.3539226
63.3267792, 10.3463639
63.3263787, 10.3441563
63.3262723, 10.3353266
63.3221998, 10.3124849
63.319189, 10.2998061
63.3175992, 10.2970552
63.3171681, 10.2965204
63.3043557, 10.2882671
63.3028342, 10.287721
63.3024599, 10.2875792
63.3022906, 10.2875157
63.3004399, 10.2866819
63.2991439, 10.2855551
63.2982149, 10.2844459
63.2865232, 10.2716462
63.2862363, 10.2716474
63.2829334, 10.2733755
63.2812185, 10.2753728
63.2800908, 10.2774778
63.2793317, 10.279072
63.2790368, 10.2796976
63.2560681, 10.28275
63.2551957, 10.2824905
63.253543, 10.2813979
63.2461203, 10.2758016
63.2438806, 10.2759701
63.2428112, 10.2761054
63.2415859, 10.2763413
63.2402826, 10.2765156
63.2362224, 10.2770587
63.2348444, 10.2772059
63.2346377, 10.2771992
63.2320286, 10.2783944
63.2318618, 10.2786807
63.2315907, 10.2791554
63.2312763, 10.2797077
63.2309293, 10.2803361
63.2309056, 10.280383
63.2296802, 10.2831585
63.229602, 10.2834088
63.2282736, 10.2860164
63.2276789, 10.2831182
63.2268568, 10.2808344
63.2267455, 10.2805349
63.2263958, 10.2795184
63.2258047, 10.2774274
63.2244454, 10.2762249
63.2242093, 10.2761113
63.2234383, 10.2757437
63.2207362, 10.273137
63.2199451, 10.2727669
63.2184563, 10.2713449
63.2181035, 10.2706147
63.2174324, 10.2701178
63.2171295, 10.2699346
63.2168556, 10.2696251
63.2161176, 10.2687655
63.2153784, 10.2678349
63.2135723, 10.2709832
63.2132817, 10.2710202
63.2116566, 10.275489
63.2094565, 10.2802162
63.2077575, 10.2799602
63.2062864, 10.2789054
63.2060923, 10.2787997
63.204786, 10.2783887
63.2034065, 10.278545
63.2004734, 10.2785529
63.2003573, 10.27853
63.1977188, 10.2813483
63.195143, 10.2855395
63.1949422, 10.2858719
63.1944489, 10.2868315
63.1935137, 10.289651
63.1926671, 10.2916949
63.1894005, 10.2925362
63.1836667, 10.2968881
63.1820017, 10.2969037
63.1812981, 10.2968526
63.179822, 10.297409
63.1771426, 10.2979657
63.1723296, 10.2914561
63.1707822, 10.2894604
63.1676041, 10.2867457
63.1631458, 10.2829411
63.1543949, 10.2703378
63.1521467, 10.2672979
63.152094, 10.2674808
63.1513925, 10.2700339
63.151318, 10.2702884
63.1499175, 10.2729344
63.1498593, 10.2730473
63.1496562, 10.2734253
63.1492845, 10.2723347
63.1487633, 10.271165
63.1485226, 10.2706893
63.1468451, 10.2674777
63.1453106, 10.2650237
63.1438718, 10.262846
63.1427517, 10.2611683
63.1401194, 10.2571932
63.1384514, 10.2547036
63.1363289, 10.253159
63.1362507, 10.2531009
63.1292876, 10.2454152
63.1256636, 10.2432039
63.1229277, 10.2445941
63.1219675, 10.2450694
63.1128571, 10.23856
63.1099639, 10.2342487
63.1085164, 10.2345959
63.1076474, 10.2353807
63.1063996, 10.2359936
63.0948743, 10.2392124
63.0938533, 10.2417236
63.0927657, 10.2449858
63.0923066, 10.2464656
63.0897636, 10.2499646
63.0884019, 10.2502911
63.0730085, 10.2652469
63.0690797, 10.2802392
63.0678428, 10.2854012
63.067639, 10.2858089
63.0670736, 10.2868038
63.0667229, 10.2873303
63.0644403, 10.2895612
63.0550994, 10.295451
63.0536861, 10.297826
63.0517185, 10.3004963
63.0385066, 10.2979172
63.036139, 10.2949562
63.0354341, 10.2935292
63.0328603, 10.2862215
63.0326932, 10.2849613
63.0322579, 10.2802551
63.0285393, 10.2667279
63.0277507, 10.2627428
63.0268508, 10.258605
63.0256495, 10.2549883
63.0199419, 10.2471166
63.0177716, 10.2460194
63.0147873, 10.246411
63.0060524, 10.2395664
63.0010165, 10.2380619
63.0007873, 10.2381173
62.9972571, 10.2394451
62.9935992, 10.2455207
62.9870133, 10.244484
62.9838395, 10.2396601
62.9832164, 10.2378739
62.9824518, 10.2363391
62.9821348, 10.2359152
62.980217, 10.2338586
62.9796337, 10.2327472
62.9795826, 10.2326448
62.9709376, 10.1961978
62.9663021, 10.1923954
62.962983, 10.1882824
62.955194, 10.184562
62.9547602, 10.1854135
62.9544648, 10.1860156
62.9529597, 10.188736
62.9526202, 10.1891257
62.9525111, 10.1891358
62.9520432, 10.1889975
62.9515221, 10.1889099
62.9510962, 10.1888947
62.9507005, 10.1890013
62.949229, 10.1894726
62.9486607, 10.1895274
62.9483695, 10.1895555
62.9480403, 10.1895872
62.9479437, 10.189596
62.9477704, 10.1896119
62.9476997, 10.1896188
62.9473878, 10.1896492
62.9472237, 10.189651
62.946067, 10.1892896
62.9456583, 10.1892588
62.9455982, 10.1892695
62.9452563, 10.1893888
62.94518, 10.1894318
62.9451837, 10.1902223
62.9451589, 10.1902432
62.9425966, 10.1910055
62.9322913, 10.1847786
62.9317214, 10.1838792
62.930868, 10.1823762
62.9305828, 10.1818756
62.9300407, 10.1808487
62.9271825, 10.1590427
62.9265668, 10.1566415
62.926332, 10.1557519
62.9262236, 10.1553534
62.9248655, 10.1514345
62.9237572, 10.1493287
62.9235926, 10.1490821
62.9219911, 10.1471927
62.9198617, 10.1446466
62.9174272, 10.1417626
62.9155721, 10.1402694
62.9115663, 10.1359697
62.9100981, 10.1318085
62.9093303, 10.1292129
62.9085644, 10.1273818
62.905436, 10.1207044
62.9047846, 10.1188355
62.9038892, 10.1168723
62.9033353, 10.1158657
62.9032422, 10.1156965
62.9026144, 10.1145906
62.9011297, 10.1129097
62.8948065, 10.1050638
62.8942616, 10.1042426
62.8909839, 10.1018704
62.886828, 10.1016212
62.8823861, 10.0941638
62.8817104, 10.0929594
62.8755284, 10.0864488
62.8751807, 10.0859889
62.8678892, 10.0793767
62.8678115, 10.0792132
62.8672919, 10.0781552
62.8662289, 10.0738096
62.8661787, 10.0733345
62.8659931, 10.0711699
62.8660203, 10.0705879
62.8664916, 10.0688773
62.8665656, 10.0686778
62.8670882, 10.0666526
62.8686637, 10.054641
62.8690884, 10.0526632
62.8691466, 10.0523953
62.8697747, 10.0494805
62.8701453, 10.0449411
62.8702164, 10.0409928
62.8702186, 10.0408526
62.8687466, 10.0299614
62.8682725, 10.0285208
62.8674394, 10.0264749
62.861659, 10.0215652
62.8588027, 10.0210655
62.8526005, 10.0204021
62.8524459, 10.0203045
62.8521678, 10.0201296
62.8494303, 10.0192518
62.8493191, 10.0192075
62.8466864, 10.0175666
62.8420042, 10.0155942
62.8395106, 10.0153855
62.8373872, 10.0147743
62.8332959, 10.0124075
62.8328685, 10.0120761
62.8323715, 10.0117674
62.8322699, 10.0117125
62.8318407, 10.0114795
62.8315161, 10.0113097
62.8304708, 10.0107395
62.8292507, 10.0100794
62.8291299, 10.0100134
62.8288293, 10.0098664
62.828604, 10.009751
62.8280955, 10.009336
62.827986, 10.0092509
62.8270764, 10.0084308
62.8245115, 10.0095588
62.8240636, 10.0104034
62.8239741, 10.0105836
62.8234394, 10.0116471
62.8229262, 10.0126401
62.8208379, 10.0155898
62.8196504, 10.0170793
62.8176869, 10.0197203
62.8171301, 10.0206713
62.8158834, 10.0271869
62.8160645, 10.0320599
62.8160458, 10.0332766
62.8155772, 10.034781
62.8145794, 10.0354187
62.8139674, 10.0352494
62.8127805, 10.0320196
62.8103617, 10.0313964
62.8089542, 10.0318702
62.8066169, 10.0334869
62.8065742, 10.0335167
62.805588, 10.0341145
62.8052251, 10.0340614
62.8042841, 10.0333758
62.8038541, 10.0328566
62.8027082, 10.0312961
62.8025208, 10.0310387
62.8021125, 10.0304888
62.8008535, 10.0276564
62.8001759, 10.0255122
62.8000526, 10.0252471
62.7982075, 10.0232176
62.7936941, 10.0119763
62.7932877, 10.0095966
62.7932615, 10.0093889
62.7910679, 10.0040862
62.7900125, 10.0034378
62.7875475, 10.001513
62.7872717, 10.0009804
62.7848285, 9.9959844
62.7747045, 9.9882536
62.7660642, 9.9899168
62.7564496, 9.9937931
62.7563831, 9.9937392
62.753742, 9.9885827
62.7528426, 9.9863469
62.752662, 9.9859688
62.7523023, 9.9852254
62.7514569, 9.9840612
62.751365, 9.9839607
62.7513298, 9.9841071
62.7510848, 9.9846637
62.7505888, 9.9845054
62.7481191, 9.983323
62.7479868, 9.9832776
62.7467255, 9.9828999
62.7424206, 9.9831768
62.7418346, 9.9843431
62.7413153, 9.9861975
62.7376236, 9.9905955
62.7370861, 9.9913392
62.7364187, 9.9926293
62.7348206, 9.9957339
62.7344994, 9.9960547
62.7325038, 9.9980212
62.730947, 10.0002254
62.7296961, 10.0027749
62.7295834, 10.0029498
62.7272364, 10.0081329
62.7249488, 10.0133443
62.7238905, 10.0162063
62.7225116, 10.0210806
62.721771, 10.0233625
62.7214185, 10.0241924
62.7199685, 10.0269168
62.7195815, 10.0279923
62.7195727, 10.0280225
62.719442, 10.0285643
62.7182455, 10.0321972
62.7169188, 10.0360199
62.7168143, 10.0367668
62.715618, 10.0404651
62.7148559, 10.0438317
62.7147211, 10.0447514
62.7142682, 10.0459143
62.7140601, 10.0465727
62.7115796, 10.0562102
62.7108648, 10.0592879
62.7106751, 10.0635768
62.710517, 10.0673971
62.710486, 10.067594
62.7080748, 10.0855741
62.7077774, 10.0874832
62.7072765, 10.091516
62.7069219, 10.0930858
62.7020139, 10.1295035
62.7017327, 10.1313028
62.7014979, 10.1319643
62.7013957, 10.1321803
62.6991094, 10.1350003
62.6976678, 10.1368332
62.6965441, 10.1370921
62.6962424, 10.13706
62.6934682, 10.1391382
62.6926049, 10.1396672
62.6897015, 10.1408588
62.6791908, 10.1456346
62.6767766, 10.1463275
62.6762036, 10.1463049
62.6747474, 10.1467426
62.6695528, 10.152062
62.6690475, 10.1527025
62.6584011, 10.1718901
62.6514796, 10.1869859
62.6438035, 10.1978105
62.6424774, 10.2007818
62.640918, 10.2064313
62.638709, 10.2185695
62.6372559, 10.2237802
62.6367067, 10.225253
62.6365018, 10.225783
62.6347683, 10.2291922
62.6269338, 10.2422328
62.6221923, 10.2488346
62.6188572, 10.2531382
62.6172694, 10.2544228
62.6163812, 10.2549422
62.6154116, 10.2554848
62.6124984, 10.2572449
62.611918, 10.2576269
62.6013521, 10.2659086
62.5879083, 10.2821551
62.5858065, 10.2844754
62.5845777, 10.2852943
62.5823014, 10.2870774
62.5800252, 10.2907462
62.5744757, 10.3040188
62.5743566, 10.3042053
62.5705638, 10.3080868
62.5699474, 10.3091948
62.5694741, 10.3102704
62.5670346, 10.3167715
62.5665815, 10.3187083
62.5660941, 10.3207364
62.565741, 10.3221126
62.5645639, 10.3264356
62.5634344, 10.330831
62.563398, 10.3309394
62.5630848, 10.3318315
62.5626164, 10.3330856
62.5623645, 10.3338211
62.5619005, 10.3351613
62.561777, 10.3355498
62.558964, 10.3413785
62.5554344, 10.34418
62.5538934, 10.3459212
62.5536438, 10.3461141
62.5519718, 10.3463767
62.5510975, 10.3465472
62.5508358, 10.3466591
62.5484574, 10.348232
62.5428714, 10.3544375
62.5382707, 10.3545578
62.5283723, 10.365843
62.5280615, 10.3662394
62.5168802, 10.3787966
62.5063555, 10.3752584
62.502918, 10.3741671
62.4968602, 10.3829493
62.4955732, 10.3844746
62.4931927, 10.3860686
62.4823187, 10.3895692
62.4801623, 10.3898477
62.4791414, 10.3904926
62.4787246, 10.3907545
62.4765685, 10.3921417
62.4597829, 10.398533
62.4578333, 10.3979708
62.4560022, 10.3974262
62.4539463, 10.3973811
62.4520137, 10.3979319
62.4300194, 10.4027201
62.4151688, 10.4126069
62.4124005, 10.4140656
62.4039197, 10.4219972
62.4023127, 10.4226752
62.3983364, 10.4300911
62.3982062, 10.4309203
62.3973536, 10.4337879
62.3948198, 10.439975
62.3942481, 10.4435734
62.3935661, 10.4520198
62.3925969, 10.4569998
62.3916492, 10.4600233
62.3669479, 10.5454825
62.3665029, 10.5975796
62.3626908, 10.6029977
62.3624692, 10.6035844
62.3634198, 10.630218
62.3642425, 10.6501041
62.3624064, 10.6528544
62.3621426, 10.6533021
62.3618656, 10.6537691
62.3617761, 10.6539171
62.3617066, 10.6540538
62.3596157, 10.6581124
62.3589613, 10.6612261
62.3430133, 10.6809331
62.3421845, 10.6822984
62.338738, 10.6870207
62.338093, 10.6895719
62.3364536, 10.6965127
62.3337673, 10.7030632
62.3312442, 10.707127
62.3241974, 10.7183999
62.3146629, 10.7313371
62.3132408, 10.7328282
62.3108552, 10.7341705
62.3107145, 10.7341754
62.3048867, 10.7359645
62.3038349, 10.7360111
62.2961217, 10.7362859
62.2935954, 10.7365369
62.290077, 10.7383525
62.2889104, 10.7382947
62.2888058, 10.7382574
62.2887993, 10.7383975
62.2888082, 10.7390367
62.288799, 10.7392912
62.2839923, 10.7552893
62.2838823, 10.7568272
62.2833111, 10.7651288
62.2831749, 10.7671155
62.2831653, 10.7672352
62.2828311, 10.7682783
62.2827406, 10.7685246
62.282508, 10.7692218
62.2823822, 10.7693946
62.2813658, 10.7707118
62.2811034, 10.7710503
62.2800571, 10.7724046
62.2794385, 10.773193
62.2794008, 10.773256
62.2790671, 10.7736851
62.2785278, 10.7743508
62.2784825, 10.7744002
62.2781823, 10.7746235
62.2781131, 10.7745819
62.2780233, 10.7746941
62.2780098, 10.7747585
62.2778005, 10.7750449
62.2777694, 10.7750678
62.277451, 10.7753085
62.2768771, 10.7757756
62.2764908, 10.7761007
62.2763184, 10.7762345
62.2761327, 10.7763887
62.2753665, 10.7769926
62.275105, 10.7771945
62.2746205, 10.7769456
62.2742039, 10.7758914
62.273974, 10.7752662
62.2738587, 10.7749299
62.2736991, 10.7744239
62.2729658, 10.7726505
62.2725481, 10.7715566
62.2723175, 10.7709918
62.2719356, 10.7701614
62.2717419, 10.7704019
62.2710268, 10.771168
62.2708726, 10.7713531
62.2708142, 10.7714086
62.2707662, 10.7714363
62.2705663, 10.771317
62.2701783, 10.7708365
62.2698422, 10.7704268
62.2684752, 10.7688779
62.2681027, 10.768633
62.2630182, 10.7671058
62.2623008, 10.7659508
62.2619915, 10.7653758
62.2596823, 10.7618591
62.2498272, 10.7514663
62.2495942, 10.751326
62.2492245, 10.7510527
62.2488771, 10.7507064
62.2468663, 10.7459674
62.2467419, 10.7455156
62.2465035, 10.7443083
62.2461513, 10.7355916
62.2453373, 10.7329028
62.2435944, 10.7322075
62.24137, 10.7336433
62.2393009, 10.7306485
62.2387251, 10.7293802
62.2272432, 10.7277042
62.2242995, 10.7350468
62.2233594, 10.7373195
62.2223036, 10.7403676
62.2222529, 10.7406027
62.2165675, 10.7550464
62.2154625, 10.7572488
62.2142926, 10.7589475
62.2120942, 10.7603891
62.2119808, 10.7603754
62.2113597, 10.7603137
62.207946, 10.7644243
62.2042215, 10.7638468
62.2004933, 10.7621342
62.1620426, 10.7768742
62.1619653, 10.7769198
62.1585756, 10.7792591
62.1545291, 10.7826169
62.1490831, 10.7843403
62.1487227, 10.7844619
62.1435811, 10.7863765
62.1416873, 10.788896
62.1406554, 10.7903256
62.1405179, 10.790508
62.138967, 10.792636
62.1379935, 10.7939134
62.1377123, 10.7942356
62.1375694, 10.7943974
62.1375241, 10.794447
62.1362765, 10.7956005
62.1337035, 10.7973077
62.133431, 10.797305
62.1328605, 10.7973
62.131196, 10.7972868
62.1292134, 10.7972656
62.1280927, 10.7975625
62.1279685, 10.7976
62.1262156, 10.7981346
62.124604, 10.7986374
62.1238652, 10.7988598
62.1235611, 10.7989531
62.1205118, 10.8000559
62.1194238, 10.8006644
62.1190173, 10.80087
62.1178204, 10.8013758
62.117802, 10.8013826
62.1177356, 10.8014072
62.1175832, 10.8014589
62.1175424, 10.8014729
62.1174754, 10.8014958
62.1168083, 10.8017261
62.1166558, 10.8017819
62.1165817, 10.801809
62.1163695, 10.8018866
62.1129086, 10.8041127
62.112194, 10.8057839
62.1103299, 10.8081489
62.1088579, 10.809789
62.1087085, 10.8099542
62.1079936, 10.8107442
62.1071229, 10.8116938
62.1058028, 10.8131435
62.1039664, 10.8146915
62.1038179, 10.8147942
62.1031173, 10.81527
62.1018304, 10.8161471
62.1007633, 10.816937
62.0986349, 10.8188116
62.0975279, 10.8201077
62.0969537, 10.8207712
62.0960726, 10.8215824
62.0933585, 10.8231077
62.08995, 10.8278538
62.0860287, 10.8307048
62.0797003, 10.8400081
62.0782422, 10.8439539
62.0745483, 10.8513857
62.0495806, 10.8718061
62.029358, 10.915114
62.0281592, 10.918723
62.0280725, 10.919
62.0279557, 10.9193281
62.0275838, 10.9200964
62.0258186, 10.922513
62.0244313, 10.9239762
62.0226508, 10.9259329
62.0176489, 10.9306925
62.0174069, 10.9309145
62.0170985, 10.9311929
62.0152486, 10.932893
62.0132165, 10.9345838
61.9914008, 10.9620006
61.9862125, 10.9669627
61.9833867, 10.9685137
61.9716625, 10.9732591
61.9715144, 10.9732725
61.9714457, 10.9732966
61.9665234, 10.9783754
61.9625983, 10.9813174
61.9625835, 10.9813357
61.9567854, 10.9885828
61.9539185, 10.9966655
61.9531838, 10.9984892
61.9531553, 10.9985638
61.9521051, 11.0010718
61.9457127, 11.0084993
61.9443096, 11.0102535
61.9423633, 11.0155114
61.9406997, 11.0231375
61.9380268, 11.0340062
61.9338325, 11.0508921
61.9336949, 11.0524102
61.9329927, 11.0552068
61.9325958, 11.0555042
61.9324266, 11.0555565
61.9317229, 11.0557536
61.9308912, 11.0559903
61.9304559, 11.0561188
61.929266, 11.0564586
61.9280928, 11.0567969
61.9269343, 11.0571162
61.9260621, 11.0572935
61.9233665, 11.0577634
61.9221957, 11.0577905
61.9216952, 11.057815
61.9207272, 11.0578571
61.9191049, 11.0575084
61.9182984, 11.057376
61.9169854, 11.0572269
61.911732, 11.058976
61.9101431, 11.0592954
61.9085126, 11.060986
61.9084911, 11.0610192
61.9077673, 11.0618253
61.9067294, 11.0628719
61.9059173, 11.0636809
61.9037072, 11.0665663
61.9033108, 11.0671697
61.9031051, 11.0674833
61.9024713, 11.0682755
61.9009994, 11.0718338
61.9005475, 11.0732581
61.8994881, 11.0746559
61.8994168, 11.074737
61.8990442, 11.0751297
61.897679, 11.075664
61.8968907, 11.0755146
61.8964944, 11.0754225
61.895822, 11.075263
61.8947203, 11.0752424
61.8940958, 11.0756882
61.8940501, 11.0757265
61.8936118, 11.0760513
61.8934282, 11.0761932
61.8926629, 11.0767716
61.8920663, 11.0772668
61.891284, 11.0777271
61.8909598, 11.0778669
61.8892692, 11.0780577
61.8886562, 11.0779019
61.8865811, 11.0777869
61.8859859, 11.0776537
61.8859548, 11.0776348
61.8852794, 11.0773385
61.8849068, 11.0775101
61.8842129, 11.0794635
61.8838706, 11.0800387
61.8832636, 11.0801545
61.8805773, 11.0830531
61.879726, 11.0838808
61.8793703, 11.0841924
61.8781805, 11.0851923
61.8768101, 11.0868774
61.8756779, 11.0892093
61.8755168, 11.0894702
61.8747705, 11.0903804
61.8732833, 11.0914891
61.8732514, 11.0915129
61.8730652, 11.0916556
61.8715398, 11.0940633
61.8697808, 11.0951099
61.86888, 11.095832
61.8682121, 11.0963645
61.8668031, 11.0974612
61.8639138, 11.0991061
61.8605729, 11.1018008
61.8596925, 11.102523
61.8574658, 11.1035578
61.8569249, 11.1036608
61.8562777, 11.1039547
61.8561782, 11.1040034
61.8542484, 11.104763
61.8512559, 11.1064151
61.8485267, 11.1077984
61.8484822, 11.1078202
61.8482333, 11.1079422
61.844741, 11.1098979
61.8418073, 11.1124991
61.8375918, 11.1149385
61.8290624, 11.1186981
61.8284507, 11.1190746
61.8270028, 11.1194611
61.8199264, 11.1215283
61.8151624, 11.1227721
61.8094132, 11.1264715
61.8072043, 11.1278897
61.8063273, 11.1284933
61.8059433, 11.1288106
61.8045924, 11.1301205
61.8007517, 11.1317852
61.8003757, 11.1318293
61.7990595, 11.1319678
61.7989795, 11.1319766
61.7989356, 11.1319802
61.7988003, 11.1319934
61.7983002, 11.1320469
61.7982026, 11.1320611
61.7951468, 11.1324018
61.7943266, 11.1327199
61.7939451, 11.1329578
61.7933559, 11.1334857
61.792958, 11.1339393
61.7924657, 11.1344833
61.7919078, 11.1348404
61.7914844, 11.1350241
61.7896743, 11.1358695
61.788777, 11.1360388
61.7887228, 11.1360487
61.7873682, 11.1373379
61.7870743, 11.1377836
61.7870547, 11.1378069
61.7862974, 11.1381745
61.7859545, 11.1382253
61.7833487, 11.1396238
61.7813199, 11.1414628
61.7811775, 11.1415652
61.7809988, 11.1416869
61.7779398, 11.1441928
61.777278, 11.1448943
61.7767849, 11.1454025
61.7766739, 11.1455151
61.7748661, 11.1472858
61.7747375, 11.14744
61.7743913, 11.1479025
61.773591, 11.1486366
61.7726866, 11.1489024
61.772577, 11.148963
61.7716429, 11.1498068
61.7712012, 11.1502611
61.7705515, 11.1512206
61.7681835, 11.1547001
61.7666087, 11.1577341
61.7663797, 11.1580839
61.766114, 11.1584815
61.7658516, 11.1587969
61.7657934, 11.1588594
61.7617924, 11.1680198
61.7610804, 11.1693968
61.760698, 11.1701111
61.7606154, 11.1702699
61.7605772, 11.1703387
61.7600327, 11.1713601
61.7599138, 11.1715879
61.7598916, 11.1716313
61.7596632, 11.1720536
61.7586257, 11.1740002
61.7585472, 11.1741508
61.7577553, 11.1755581
61.7566579, 11.1766656
61.7565461, 11.1767723
61.7560339, 11.1772924
61.7555556, 11.1777642
61.7555563, 11.1777685
61.7554417, 11.1778946
61.754935, 11.1783643
61.7544591, 11.1787871
61.7539081, 11.1792816
61.7526881, 11.1804022
61.7525142, 11.1806372
61.7510408, 11.1830575
61.7494966, 11.1863006
61.7491509, 11.1870208
61.7490478, 11.1872353
61.7480606, 11.1886375
61.745132, 11.1930207
61.7443373, 11.1935711
61.744237, 11.1936771
61.7431793, 11.1949958
61.7421762, 11.1961977
61.7416532, 11.1967377
61.7413527, 11.1970609
61.7395908, 11.1979228
61.7347937, 11.2001579
61.7340323, 11.2004067
61.7328029, 11.2010722
61.732405, 11.2012238
61.7318422, 11.2013663
61.7285978, 11.201637
61.7255804, 11.2015099
61.7232573, 11.2005776
61.7226609, 11.2001366
61.7220487, 11.1996049
61.7218827, 11.1994553
61.7214395, 11.1990417
61.7206251, 11.1982588
61.720583, 11.1982176
61.7197746, 11.1974818
61.7196817, 11.1974059
61.7177663, 11.1963234
61.7146211, 11.1961091
61.710937, 11.1962869
61.7056934, 11.1978378
61.7042973, 11.1980235
61.7042561, 11.1980277
61.7029371, 11.1979948
61.7023337, 11.1978036
61.7020021, 11.1976767
61.7009036, 11.1973652
61.7006306, 11.1973231
61.7001176, 11.1972903
61.696252, 11.1965766
61.6962291, 11.1965488
61.6959903, 11.1962506
61.6959841, 11.1963057
61.695956, 11.1965741
61.6959528, 11.1966158
61.6959491, 11.197764
61.6959494, 11.1978049
61.6959501, 11.197948
61.6959253, 11.1996929
61.6958609, 11.2025708
61.695826, 11.2034572
61.6957817, 11.204356
61.6956611, 11.2068726
61.6956054, 11.2086658
61.6956067, 11.2087167
61.695643, 11.2094076
61.6957946, 11.2117658
61.6958884, 11.2132571
61.6959459, 11.2141705
61.6953685, 11.2143326
61.6951084, 11.2143878
61.6928835, 11.2155478
61.6923641, 11.216078
61.6918499, 11.2165224
61.6899633, 11.2177888
61.6896807, 11.2179369
61.6885616, 11.2178373
61.6881607, 11.2178798
61.6876067, 11.2179167
61.6860539, 11.2176358
61.6857364, 11.2176073
61.6844153, 11.2177643
61.683309, 11.2178283
61.6828038, 11.2180207
61.6827634, 11.2180559
61.6815744, 11.2181864
61.6808935, 11.2179407
61.6803384, 11.2177552
61.6800976, 11.2176679
61.6795261, 11.2175517
61.6786801, 11.2175756
61.6786053, 11.217535
61.6781244, 11.2172281
61.6774532, 11.2168431
61.6773184, 11.2168123
61.6765809, 11.216793
61.6756943, 11.2168448
61.6736099, 11.2177186
61.6721376, 11.2180591
61.6719925, 11.2179261
61.6692946, 11.2182583
61.6675175, 11.2189013
61.6669261, 11.2192289
61.6659438, 11.2194891
61.6655687, 11.2197373
61.6654375, 11.2198365
61.6643661, 11.220289
61.6612621, 11.2204361
61.6609546, 11.2202998
61.6603649, 11.2197103
61.6601461, 11.2194686
61.6577512, 11.218609
61.6398137, 11.217382
61.6212262, 11.2256427
61.6195001, 11.2286992
61.6172417, 11.2319204
61.611168, 11.2336542
61.6063259, 11.2333786
61.6022971, 11.2345648
61.6018233, 11.234462
61.592033, 11.2387402
61.5855062, 11.24031
61.5781064, 11.2337786
61.5777992, 11.2334596
61.5682048, 11.2263386
61.5676284, 11.2264604
61.5609292, 11.2241951
61.5608719, 11.224192
61.5549184, 11.2252108
61.5534885, 11.225311
61.5530913, 11.2254424
61.538007, 11.2293732
61.5353564, 11.2313857
61.5246235, 11.2384901
61.5223366, 11.2406903
61.5034058, 11.2714148
61.4978976, 11.2775454
61.4974109, 11.2778691
61.4971451, 11.278114
61.4970143, 11.2782613
61.4903865, 11.287971
61.4826343, 11.3016559
61.4792141, 11.3077907
61.4782901, 11.3090774
61.4781714, 11.309238
61.4779047, 11.3095939
61.4732504, 11.3148444
61.4719069, 11.3164761
61.4686066, 11.320694
61.4666858, 11.3231381
61.4659919, 11.3239852
61.4640988, 11.3262605
61.4632269, 11.3268092
61.4631961, 11.3268263
61.4625342, 11.3270979
61.4623426, 11.3271651
61.461729, 11.3273983
61.4612519, 11.327588
61.4610444, 11.3276754
61.4605745, 11.3278799
61.4580137, 11.330133
61.4564021, 11.3310457
61.4555657, 11.331362
61.4519218, 11.3326245
61.44975, 11.3334395
61.4467931, 11.3348311
61.4443473, 11.3363126
61.4425317, 11.3377386
61.43894, 11.3409491
61.4380284, 11.3416397
61.4357493, 11.3433623
61.4350706, 11.3440704
61.434589, 11.3445774
61.4338903, 11.3452882
61.4335257, 11.3456546
61.4305096, 11.3489802
61.4281802, 11.3491827
61.4277708, 11.3488754
61.4253736, 11.3493405
61.4223287, 11.3518182
61.4199466, 11.3514307
61.4180951, 11.3514914
61.417229, 11.3515667
61.4144058, 11.3520613
61.4136932, 11.3525008
61.4076737, 11.3573542
61.4058891, 11.3589506
61.405803, 11.35906
61.4045883, 11.3604645
61.4041461, 11.3609669
61.4030096, 11.3623102
61.4008729, 11.3648141
61.3980302, 11.3681383
61.397979, 11.3682061
61.3958061, 11.3706366
61.3957322, 11.3706976
61.394972, 11.3714063
61.3939238, 11.3717679
61.3902951, 11.3716438
61.389112, 11.3720678
61.3848029, 11.372488
61.3816939, 11.3699778
61.3699348, 11.3744083
61.3698402, 11.3744677
61.3693748, 11.3747403
61.3692474, 11.3748154
61.3679789, 11.3755429
61.363509, 11.3788205
61.3629547, 11.3796055
61.3592301, 11.3837559
61.3489443, 11.3953326
61.3356747, 11.414787
61.3349384, 11.4156446
61.3322423, 11.4210575
61.329805, 11.4249773
61.3259919, 11.4309195
61.3231647, 11.4352317
61.3225492, 11.4359788
61.3214637, 11.4371547
61.321182, 11.437449
61.3208796, 11.4377614
61.3192563, 11.4400586
61.3100475, 11.4463741
61.3100077, 11.4463904
61.3098922, 11.4464208
61.3088348, 11.4468672
61.3083414, 11.4473118
61.3074506, 11.4482313
61.3067566, 11.4489434
61.3060482, 11.4496889
61.3052063, 11.4510008
61.3048633, 11.4515591
61.3034256, 11.4539043
61.3029837, 11.4546027
61.3014957, 11.4570524
61.3012248, 11.4574492
61.301007, 11.4577062
61.3009193, 11.4577982
61.3008124, 11.4578993
61.300647, 11.4580376
61.3005705, 11.4581023
61.297945, 11.4599256
61.2971779, 11.4606431
61.2951898, 11.4621153
61.2938526, 11.4632458
61.2922875, 11.4645121
61.2910924, 11.465379
61.2859509, 11.4694579
61.2855202, 11.4699015
61.2807592, 11.4738246
61.2753635, 11.4775538
61.2697392, 11.4822444
61.2561346, 11.4904335
61.2558034, 11.490519
61.2531431, 11.4911686
61.2502837, 11.4918347
61.2487012, 11.4924253
61.24752, 11.4933834
61.2451897, 11.4956203
61.244158, 11.4966184
61.2438951, 11.4968762
61.2422366, 11.4984501
61.2404732, 11.4991725
61.2394153, 11.4994432
61.2338482, 11.5001763
61.230815, 11.5004819
61.2276581, 11.5014574
61.2241814, 11.5010834
61.2220762, 11.5002629
61.2209467, 11.4998395
61.2196689, 11.499331
61.2191858, 11.4991767
61.2147989, 11.4976259
61.2126295, 11.4964102
61.2101691, 11.4933728
61.2084581, 11.49239
61.2064559, 11.4924657
61.2014324, 11.4962435
61.201061, 11.4965493
61.2002591, 11.4971935
61.1999249, 11.4974747
61.1992255, 11.4977815
61.1984313, 11.4975457
61.1981642, 11.4974022
61.1950818, 11.4961861
61.1921751, 11.4963063
61.1884598, 11.4929733
61.185252, 11.4896255
61.184343, 11.48909
61.1821709, 11.487705
61.1793746, 11.4858499
61.1784871, 11.4855151
61.176433, 11.4851131
61.1756027, 11.4848036
61.173748, 11.4836034
61.1694479, 11.4732118
61.1680662, 11.470029
61.165133, 11.4641905
61.164722, 11.4633167
61.1645695, 11.4629841
61.1640365, 11.4618792
61.1623602, 11.4585677
61.1622024, 11.4582388
61.1613477, 11.4558093
61.1610108, 11.454411
61.1606646, 11.4519312
61.1601169, 11.4461949
61.1601087, 11.4458551
61.1601046, 11.445357
61.1600957, 11.444986
61.1600909, 11.4436788
61.1600694, 11.4426897
61.1600112, 11.4415653
61.1599334, 11.440045
61.1596188, 11.4370237
61.1593469, 11.4353529
61.1593308, 11.4352543
61.1584025, 11.4326758
61.1582671, 11.4324057
61.1547698, 11.4271153
61.1374552, 11.3914408
61.1370303, 11.390792
61.1358018, 11.3888803
61.1340847, 11.3854613
61.1334346, 11.3843062
61.133063, 11.3828478
61.1329329, 11.3794986
61.1324014, 11.3776378
61.1309414, 11.3750368
61.1307357, 11.3743457
61.1305911, 11.3724034
61.1308301, 11.3707992
61.131002, 11.369444
61.1311758, 11.3679237
61.1312568, 11.3672914
61.1312925, 11.3670334
61.1312385, 11.3669082
61.1309236, 11.3668236
61.1305655, 11.3664736
61.1307798, 11.3658714
61.130706, 11.3658138
61.1304908, 11.3656592
61.1292134, 11.3647189
61.1275519, 11.3630257
61.1213773, 11.363084
61.1203541, 11.3631664
61.1177997, 11.3646939
61.1161492, 11.3653325
61.0986238, 11.3590971
61.0976897, 11.3588193
61.0968003, 11.358586
61.0963567, 11.3584464
61.0865857, 11.3522256
61.0847773, 11.3511471
61.0643847, 11.349437
61.0640421, 11.3496523
61.062288, 11.3507959
61.0586659, 11.3511745
61.0574834, 11.3511736
61.0524778, 11.3543934
61.050092, 11.3577043
61.044056, 11.3667253
61.0438906, 11.3669629
61.0384574, 11.3729594
61.0361882, 11.3738693
61.0303278, 11.3786338
61.0293253, 11.3796023
61.0241699, 11.3838543
61.0238738, 11.3841052
61.0196307, 11.3877939
61.0159712, 11.3925754
61.0158773, 11.3926968
61.0154696, 11.393224
61.0131961, 11.3961752
61.0119092, 11.3978352
61.0113463, 11.3985782
61.0093142, 11.4007772
61.009292, 11.4007991
61.0090681, 11.4010201
61.0071741, 11.4029352
61.006379, 11.403932
61.0023988, 11.4106271
60.9992358, 11.4147986
60.995417, 11.4235309
60.9944385, 11.4258163
60.994083, 11.4268675
60.9876745, 11.4407136
60.9868359, 11.4425945
60.9859993, 11.4444709
60.9830289, 11.451067
60.9824214, 11.452406
60.9821536, 11.4530153
60.9792468, 11.4606028
60.9787452, 11.4614798
60.976826, 11.465017
60.9677236, 11.4821212
60.9644895, 11.4853219
60.95791, 11.4901371
60.9563663, 11.4906287
60.9562876, 11.4906507
60.9528432, 11.491678
60.9528213, 11.4916847
60.9416485, 11.4997881
60.9405843, 11.5008551
60.9386081, 11.5028397
60.9377627, 11.5037073
60.9366906, 11.504801
60.9345657, 11.5068351
60.9333409, 11.5079169
60.9321822, 11.50868
60.9282332, 11.5110731
60.9233404, 11.5127529
60.9207677, 11.513875
60.9190017, 11.5149527
60.9162144, 11.5165706
60.9104293, 11.5201828
60.9084266, 11.52162
60.9083509, 11.5216737
60.9045891, 11.5250342
60.9027485, 11.5267706
60.9015499, 11.5278582
60.9006514, 11.5286735
60.900448, 11.528858
60.8969854, 11.531964
60.8921005, 11.5354082
60.8912323, 11.5358373
60.8896045, 11.5366395
60.8871217, 11.5378688
60.8870233, 11.5379146
60.8864713, 11.5381718
60.8842956, 11.539295
60.883999, 11.5393226
60.8839456, 11.5392542
60.8837849, 11.5393232
60.8837261, 11.5394366
60.8834675, 11.5397059
60.8832048, 11.5397949
60.8828794, 11.5397869
60.8825239, 11.5394494
60.8824924, 11.5393162
60.8845147, 11.5268046
60.8845682, 11.5267615
60.8846448, 11.5263561
60.8843569, 11.5262074
60.8837329, 11.5254163
60.8837857, 11.5244528
60.8843807, 11.5216809
60.8841941, 11.5170486
60.884171, 11.5168205
60.8839353, 11.5144969
60.8837145, 11.5124627
60.8836795, 11.5122182
60.8834557, 11.511168
60.8834104, 11.5110136
60.8830867, 11.5100783
60.8829551, 11.5097502
60.8825423, 11.5087265
60.8819145, 11.5070939
60.8796635, 11.4977823
60.8796608, 11.4902886
60.8796476, 11.48658
60.8791387, 11.4813109
60.8784618, 11.4780771
60.8778914, 11.4755473
60.8778205, 11.4752076
60.8775293, 11.4739172
60.8770217, 11.4712337
60.8767628, 11.4692455
60.8767463, 11.4691175
60.8765842, 11.4678617
60.8765588, 11.4676654
60.8764169, 11.4665663
60.87627, 11.4655073
60.8760679, 11.4634076
60.8761206, 11.4616999
60.8761718, 11.4610195
60.8762277, 11.4603491
60.876397, 11.4583573
60.876531, 11.4561867
60.8763269, 11.4536182
60.8757665, 11.4513178
60.8754407, 11.4500856
60.8752168, 11.4477345
60.8752894, 11.4470688
60.8729886, 11.4407864
60.8729811, 11.4407585
60.8729366, 11.4405908
60.8727212, 11.4397802
60.8726719, 11.4396044
60.8722351, 11.4380476
60.8721634, 11.437792
60.8719205, 11.4369581
60.8717736, 11.436455
60.8650989, 11.421273
60.8637587, 11.4187128
60.863372, 11.4180448
60.8628599, 11.4170864
60.8627911, 11.4167641
60.8627927, 11.4167141
60.8627815, 11.4166671
60.8627427, 11.4166238
60.8626145, 11.4164722
60.8625017, 11.416113
60.8604007, 11.4038693
60.8599634, 11.4022589
60.8594509, 11.4006248
60.8588137, 11.3987582
60.8586379, 11.3982009
60.8585005, 11.3977635
60.858157, 11.3966602
60.858017, 11.3961893
60.8575303, 11.3947695
60.8567882, 11.3926258
60.8562557, 11.3910809
60.8556998, 11.3894764
60.8536364, 11.3834824
60.8518981, 11.377877
60.8504473, 11.3731557
60.8504661, 11.372907
60.8503525, 11.3728612
60.8493522, 11.3697217
60.8494079, 11.3694252
60.8493399, 11.3692176
60.8491976, 11.3691985
60.8491517, 11.3692658
60.8491117, 11.3695229
60.8490083, 11.3697439
60.8489525, 11.3698708
60.8486701, 11.3702289
60.8485852, 11.3702791
60.848424, 11.3703972
60.8481591, 11.3705176
60.8478961, 11.3706474
60.846075, 11.3722424
60.8459992, 11.3722707
60.8412144, 11.3652619
60.8380355, 11.3629335
60.8375118, 11.3623167
60.8364667, 11.3595178
60.8352162, 11.3560667
60.8346888, 11.354822
60.8341956, 11.3536639
60.833469, 11.3521824
60.8315508, 11.3505302
60.8308568, 11.349975
60.8297596, 11.3490973
60.8258954, 11.3458944
60.8225284, 11.3357208
60.8222351, 11.3346326
60.8205328, 11.3289819
60.8187794, 11.324542
60.8185392, 11.3239282
60.8176964, 11.3217789
60.8170871, 11.3202245
60.8151706, 11.3135689
60.813704, 11.308759
60.813129, 11.3079009
60.8130167, 11.3077494
60.8107295, 11.3057634
60.8106669, 11.3057098
60.8104402, 11.3055157
60.8066456, 11.2977836
60.8053391, 11.2952649
60.8038221, 11.2931591
60.8031113, 11.2923163
60.8024939, 11.2914879
60.8022205, 11.2910897
60.8020198, 11.290784
60.8018511, 11.2904351
60.8017442, 11.2902527
60.8014587, 11.2897609
60.8014097, 11.2898836
60.7999877, 11.2916585
60.798759, 11.292136
60.7979199, 11.2925196
60.79083, 11.2979639
60.7901224, 11.2987791
60.7894974, 11.2994832
60.7891012, 11.2999472
60.7886261, 11.3004855
60.7883934, 11.3007488
60.7854992, 11.3040811
60.7851444, 11.3044773
60.7844659, 11.3052575
60.7810035, 11.307176
60.7657829, 11.3100561
60.7541281, 11.3032284
60.7520578, 11.3019545
60.7517504, 11.3017908
60.7324599, 11.2964061
60.7321411, 11.296088
60.7291748, 11.2930898
60.728401, 11.2925023
60.718766, 11.2872242
60.7154604, 11.2840857
60.7148361, 11.2835038
60.7140972, 11.2828018
60.7136819, 11.282446
60.7131598, 11.2820691
60.7124743, 11.281618
60.7107989, 11.2806209
60.7096442, 11.2799342
60.7055409, 11.2769287
60.7049188, 11.2759664
60.7045704, 11.2753484
60.7041681, 11.2745379
60.7030294, 11.2723826
60.7024593, 11.2716681
60.701771, 11.2713268
60.6991425, 11.2755392
60.6988487, 11.2756843
60.6986273, 11.2757793
60.6970302, 11.2761269
60.6926307, 11.2765472
60.6895011, 11.2790024
60.6879023, 11.280665
60.6507267, 11.2920253
60.6504829, 11.2921277
60.6357697, 11.2987659
60.6346646, 11.2991097
60.6300313, 11.2997278
60.6225014, 11.2992073
60.6221375, 11.2992299
60.6077684, 11.3093678
60.6075223, 11.3094719
60.5985331, 11.3037716
60.5952629, 11.2992238
60.5812922, 11.2773566
60.5802933, 11.2764895
60.579403, 11.2756688
60.5745429, 11.2688648
60.5732183, 11.2663874
60.5655218, 11.2571902
60.5636963, 11.255752
60.5628687, 11.2552564
60.5610153, 11.2542248
60.5409214, 11.2459886
60.5353611, 11.2437864
60.5321931, 11.2433918
60.5160573, 11.2436522
60.5127292, 11.2436774
60.504536, 11.2404139
60.5041213, 11.2400221
60.4994259, 11.2384052
60.4989847, 11.2382857
60.485051, 11.2374091
60.4839274, 11.2385205
60.4695009, 11.2467297
60.4638987, 11.2445448
60.4624472, 11.2437806
60.441225, 11.2419441
60.43903, 11.2417115
60.4332266, 11.2404752
60.4310312, 11.2406743
60.4163988, 11.2410021
60.412062, 11.2405676
60.4034721, 11.2366515
60.40265, 11.2361464
60.4014681, 11.2351998
60.3975795, 11.2296997
60.3914263, 11.2180398
60.3873727, 11.2135648
60.3771343, 11.2080654
60.3742693, 11.2067017
60.3478156, 11.2084646
60.346094, 11.2078315
60.3373341, 11.1967971
60.3361669, 11.1948833
60.3354779, 11.1938345
60.3340812, 11.1920953
60.3324226, 11.190589
60.3312031, 11.1896751
60.3264011, 11.1823398
60.3261024, 11.1816426
60.3198296, 11.159367
60.3195327, 11.1574488
60.3167803, 11.1504131
60.3120475, 11.1429028
60.2902513, 11.1335251
60.287873, 11.1336875
60.2864561, 11.1345726
60.2850819, 11.1361296
60.2845782, 11.1369376
60.2841049, 11.1378006
60.2822976, 11.1416844
60.2574433, 11.177764
60.2563974, 11.1787879
60.2515598, 11.1821566
60.2478356, 11.182795
60.2407178, 11.1791791
60.2398248, 11.1784308
60.2329381, 11.17354
60.2309656, 11.173223
60.2304001, 11.1732282
60.2280692, 11.1737358
60.2236203, 11.1768942
60.2232669, 11.1771944
60.1898479, 11.188065
60.1893329, 11.1876065
60.1849035, 11.1811081
60.1747119, 11.1666789
60.1674603, 11.1613022
60.1642417, 11.1581167
60.1622461, 11.1560368
60.1537427, 11.1491837
60.1330517, 11.1593472
60.1299245, 11.1629733
60.0836114, 11.148815
60.0786449, 11.1507107
60.0744939, 11.152274
60.0490634, 11.1357647
60.0470506, 11.1317674
60.0391057, 11.1115797
60.0349297, 11.1021237
60.03287, 11.0997935
60.0313385, 11.0984373
60.0297263, 11.0966122
60.019004, 11.0677486
60.0114551, 11.0609003
59.9985725, 11.0414523
59.9984541, 11.0412321
59.998404, 11.0411415
59.9963563, 11.03711
59.9895988, 11.0288107
59.9893308, 11.0284514
59.9859988, 11.0123765
59.9858066, 11.0100928
59.9827928, 10.9990401
59.9817575, 10.9972564
59.9812138, 10.9964732
59.9807597, 10.9958955
59.979319, 10.9943559
59.978976, 10.9940541
59.9778323, 10.9931368
59.9703366, 10.9892485
59.9698493, 10.9890032
59.9695014, 10.9888104
59.9581596, 10.9669239
59.9566579, 10.9631619
59.9555258, 10.9605157
59.9544015, 10.9583846
59.9528007, 10.9562992
59.950174, 10.9527542
59.9494516, 10.9511089
59.94921, 10.9504077
59.9484368, 10.9473998
59.9483384, 10.9468374
59.9463135, 10.9403921
59.9457952, 10.9397479
59.9449974, 10.9390654
59.9440842, 10.9385113
59.942759, 10.9377469
59.9406366, 10.93532
59.9403555, 10.9347015
59.9393508, 10.9291504
59.9393859, 10.9279099
59.9396153, 10.9255391
59.9397138, 10.9246554
59.9400045, 10.9220902
59.9401116, 10.9211067
59.9402728, 10.9185078
59.9402473, 10.9176935
59.9401162, 10.9162338
59.9397787, 10.9138326
59.9397065, 10.9036453
59.9394117, 10.89961
59.9387962, 10.8959613
59.9384777, 10.8936039
59.9381928, 10.8917828
59.9381803, 10.8903457
59.9382222, 10.8902459
59.9382226, 10.8900061
59.9381988, 10.8899371
59.9380331, 10.8898852
59.9379807, 10.8899872
59.9377346, 10.8899829
59.9373685, 10.8886159
59.9356038, 10.8831153
59.9346975, 10.879552
59.9316698, 10.8686295
59.9308814, 10.8670104
59.9302989, 10.8641981
59.9303119, 10.8640656
59.9301872, 10.8638399
59.9301368, 10.8638629
59.9276492, 10.8607998
59.9263332, 10.8556066
59.9258797, 10.8528088
59.9255276, 10.8509876
59.9252825, 10.8499337
59.9244557, 10.8463701
59.9239148, 10.8425829
59.9237882, 10.8408606
59.9237599, 10.8401332
59.9237702, 10.8344567
59.9225582, 10.8270135
59.9216421, 10.8247544
59.9214821, 10.8243232
59.9200672, 10.8204435
59.9192106, 10.8176351
59.9191927, 10.8175754
59.9191371, 10.8173945
59.9175554, 10.8114493
59.917276, 10.8105986
59.9165537, 10.808939
59.9157172, 10.8071713
59.9133755, 10.8019158
59.9130541, 10.8002411
59.9125693, 10.7985638
59.9121977, 10.7977938
59.912008, 10.7972118
59.9117291, 10.7962884
59.9113772, 10.7951898
59.910848, 10.793793
59.9103479, 10.7922628
59.9103549, 10.7921704
59.910317, 10.792021
59.9102784, 10.7919792
59.9101915, 10.7917035
59.9101112, 10.7915309
59.9099615, 10.7910529
59.9097182, 10.7902856
59.9094194, 10.7894034
59.9087674, 10.7867811
59.9083498, 10.7844753
59.9077437, 10.7816683
59.9075749, 10.7811228
59.9074889, 10.7808508
59.9072443, 10.779914
59.9080848, 10.7788886
59.9080901, 10.7788893
59.908143, 10.7788575
59.908166, 10.7788083
59.9081782, 10.7787048
59.908173, 10.7786596
59.9082679, 10.7784656
59.9085044, 10.7781072
59.908882, 10.7775781
59.9092536, 10.7775054
59.9092532, 10.7773638
59.9096296, 10.7759637
59.9098161, 10.7754654
59.9101902, 10.7744661
59.9107593, 10.7729859
59.9110485, 10.7722694
59.9113347, 10.7713962
59.9116144, 10.7698512
59.9119667, 10.7662851
59.9120863, 10.7658832
59.9121368, 10.7655155
59.9121613, 10.7654089
59.9125204, 10.7637234
59.9126685, 10.7629141
59.9126888, 10.7627764
59.9128878, 10.7615778
59.9132557, 10.7593778
59.9132821, 10.759204
59.9132975, 10.7591037
59.913432, 10.7582649
59.9134836, 10.7579589
59.9136504, 10.7569846
59.9136843, 10.756785
59.9136804, 10.7558969
59.9135475, 10.7550433
59.9134829, 10.7546298
59.9134612, 10.7544879
59.9132946, 10.7534329
59.9136339, 10.752904
59.9143078, 10.752623
59.9144042, 10.7526342
59.9151719, 10.7516387
59.9154034, 10.7510187
59.9159579, 10.7497662
59.9162545, 10.7479965
59.9162956, 10.7476197
59.916331, 10.7469385
59.916342, 10.7413062
59.9164515, 10.7411287
59.916624, 10.7412337
59.9166669, 10.7404592
59.9173105, 10.7393784
59.9179401, 10.7382332
59.9179311, 10.7380313
59.9178626, 10.7361341
59.9178515, 10.7358693
59.9178238, 10.7358386
59.9173966, 10.735348
59.9165875, 10.7344042
59.9154814, 10.7331028
59.9151799, 10.7323211
59.9151886, 10.7321033
59.9151064, 10.7318947
59.9150236, 10.7318702
59.9148362, 10.7323265
59.914238, 10.7336875
59.9139837, 10.7346054
59.9137796, 10.7354314
59.9134489, 10.7367814
59.9131444, 10.7380672
59.9134523, 10.738421
59.9134523, 10.738421
